Bend-Tech Plate File
Version: 6.2.6.0
NF:decimal

HED:.:3:.:10g steel:.:0:.:-32768:.:-16777216:.:0!0!0:.:5.03800008835755!-0.0398516799380788!0:.:0!4!0:.:0!0!0:.:5.02407502934708!-0.0568837887785878!0:.:0!4!0:.:True:.:True:.:True
PTB:.:0:.:-1:.::.:4:.:False:.:False:.:True:.:False:.:True:.:True:.:0:.:0:.:1:.:0.5:.:1:.:Double Head:.:Fraction n/16:.:Decimal n:.:-16777216:.:-16777216:.:-16777216

FLH:.:0:.:Base Flange:.:1:.:0:.:False:.:0:.:0:.:0:.:0:.:0:.:False:.:True:.:False:.:0:.:0
  FM1:.:0:.:1:0:0:0:0:1:0:0:0:0:1:0:0:0:0:1
  FM2:.:0:.:1:0:0:0:0:1:0:0:0:0:1:0:0:0:0:1
  FM3:.:0:.:1:0:0:0:0:1:0:0:0:0:1:0:0:0:0:1
  FM4:.:0:.:1:0:0:0:0:1:0:0:0:0:1:0:0:0:0:1
  FIT:.:0:.:0:!:1:!:1:!:-16777216:!:0:0:0
  FIT:.:0:.:0:!:2:!:1:!:-16777216:!:0:4:0
  FIT:.:0:.:0:!:3:!:1:!:-16777216:!:4.99923847578196:-0.0872620321864176:0
  FIT:.:0:.:0:!:4:!:1:!:-16777216:!:-1:4:0
  FIT:.:0:.:0:!:5:!:1:!:-16777216:!:-1:0:0
  FIT:.:0:.:1:!:7:!:1:!:-16777216:!:4.99923847578196:-0.0872620321864176:0:!:0:4:0:!:0:!:1
  FIT:.:0:.:1:!:8:!:1:!:-16777216:!:0:4:0:!:-1:4:0:!:0:!:1
  FIT:.:0:.:1:!:9:!:1:!:-16777216:!:-1:4:0:!:-1:0:0:!:0:!:1
  FIT:.:0:.:1:!:8:!:82513:!:-16777216:!:-1:4:0:!:0:4:0:!:0:!:0
  FIT:.:0:.:1:!:7:!:82513:!:-16777216:!:0:4:0:!:4.99923847578196:-0.0872620321864176:0:!:0:!:0
  FIT:.:0:.:1:!:6:!:82513:!:-16777216:!:4.99923847578196:-0.0872620321864176:0:!:-1:0:0:!:0:!:0
  FIT:.:0:.:1:!:9:!:82513:!:-16777216:!:-1:0:0:!:-1:4:0:!:0:!:0
  FIT:.:0:.:1:!:10:!:1:!:-16777216:!:-1:0:0:!:0:0:0:!:0:!:1
  FIT:.:0:.:1:!:11:!:1:!:-16777216:!:0:0:0:!:4.99923847578196:-0.0872620321864176:0:!:0:!:1
  FED:.:0:.:1:!:11:!:1:!:-16777216:!:4.99923847578196:-0.0872620321864176:0:!:0:0:0:!:0:!:1
  FED:.:0:.:1:!:10:!:1:!:-16777216:!:0:0:0:!:-1:0:0:!:0:!:1
  FED:.:0:.:1:!:9:!:1:!:-16777216:!:-1:0:0:!:-1:4:0:!:0:!:1
  FED:.:0:.:1:!:8:!:1:!:-16777216:!:-1:4:0:!:0:4:0:!:0:!:1
  FED:.:0:.:1:!:7:!:1:!:-16777216:!:0:4:0:!:4.99923847578196:-0.0872620321864176:0:!:0:!:1
  FOB:.:0:.:2:!:20:!:1:!:-16777216:!:-16777216:!:-16777216:!:False:!:False:!:1 :!::!:-1:!:0:!:0:!:0:!:1:!:0.5:!:1:!:0:4:0:!:-1:4:0:!:-0.260869464946603:5.27898863657237:0:!:-1:4:0
  FOB:.:0:.:2:!:21:!:1:!:-16777216:!:-16777216:!:-16777216:!:False:!:False:!:5 :!::!:-1:!:0:!:0:!:0:!:1:!:0.5:!:1:!:0:0:0:!:5.02407502934708:-0.0568837887785856:4.28995613393362E-16:!:2.71697498281122:-0.873229375018415:0:!:5.02407502934708:-0.0568837887785856:0
  FOB:.:0:.:2:!:22:!:1:!:-16777216:!:-16777216:!:-16777216:!:False:!:False:!:6 :!::!:-1:!:0:!:0:!:0:!:1:!:0.5:!:1:!:5.02407502934708:-0.0568837887785856:4.28995613393362E-16:!:-1:0:0:!:1.59175895102487:2.32774014392735:0:!:-1:0:0
  FDI:.:0:.:1:!:0:!:0:!:-16777216:!:0:0:0:!:-1:0:0:!:0:!:1
  FDI:.:0:.:1:!:0:!:0:!:-16777216:!:-1:0:0:!:-1:4:0:!:0:!:1
  FDI:.:0:.:1:!:0:!:0:!:-16777216:!:-1:4:0:!:0:4:0:!:0:!:1
  FDI:.:0:.:1:!:0:!:0:!:-16777216:!:0:4:0:!:-0.183557596047089:3.77548583801147:0:!:0:!:1
  FDI:.:0:.:1:!:0:!:0:!:-16777216:!:-0.183557596047089:3.77548583801147:0:!:4.53107651827853:-0.0790902348212739:0:!:0:!:1
  FDI:.:0:.:1:!:0:!:0:!:-16777216:!:4.53107651827853:-0.0790902348212739:0:!:0:0:0:!:0:!:1
FLH:.:1:.:Flange 2:.:2:.:1:.:True:.:1:.:2:.:90:.:0.156:.:40:.:True:.:True:.:False:.:7:.:19
  FM1:.:1:.:0.774186760981194:0.632957233248383:7.75123449533802E-17:0:-0.632957233248383:0.774186760981194:2.17268038036511E-16:0:7.75123449533802E-17:-2.17268038036511E-16:1:0:2.53182893093338:-2.80674704392477:-8.0606442095577E-16:1
  FM2:.:1:.:0.774186760981194:0.632957233248383:7.75123449533803E-17:0:-0.632957233248383:0.774186760981194:2.17268038036511E-16:0:7.75123449533803E-17:-2.17268038036511E-16:1:0:2.53182893108967:-2.82874704392477:-8.10844317804687E-16:1
  FM3:.:1:.:0.774186760981194:-0.632957233248383:7.75123449533802E-17:0:0.632957233248383:0.774186760981194:-2.17268038036511E-16:0:7.75123449533802E-17:2.17268038036511E-16:1:0:-0.183557596047089:3.77548583801147:0:1
  FM4:.:1:.:0.774186760981194:-0.632957233248383:7.75123449533803E-17:0:0.632957233248383:0.774186760981194:-2.17268038036511E-16:0:7.75123449533803E-17:2.17268038036511E-16:1:0:-0.16963253703662:3.79251794685198:0:1
  FIT:.:1:.:1:!:16:!:1:!:-16777216:!:0:0:0:!:0:0.32923891009621:0:!:0:!:1
  FIT:.:1:.:1:!:17:!:1:!:-16777216:!:0:0.32923891009621:0:!:6.45740631039207:0.32923891009621:0:!:0:!:1
  FIT:.:1:.:1:!:18:!:1:!:-16777216:!:6.45740631039207:0.32923891009621:0:!:6.45740631039207:0:0:!:0:!:1
  FIT:.:1:.:1:!:19:!:1:!:-16777216:!:6.45740631039207:0:0:!:0:0:0:!:0:!:1
  FED:.:1:.:1:!:16:!:1:!:-16777216:!:0:0:0:!:0:0.32923891009621:0:!:0:!:1
  FED:.:1:.:1:!:17:!:1:!:-16777216:!:0:0.32923891009621:0:!:6.45740631039207:0.32923891009621:0:!:0:!:1
  FED:.:1:.:1:!:18:!:1:!:-16777216:!:6.45740631039207:0.32923891009621:0:!:6.45740631039207:0:0:!:0:!:1
  FED:.:1:.:1:!:19:!:1:!:-16777216:!:6.45740631039207:0:0:!:0:0:0:!:0:!:1
  FDI:.:1:.:1:!:16:!:1:!:-16777216:!:0:0:0:!:0:0.32923891009621:0:!:0:!:1
  FDI:.:1:.:1:!:17:!:1:!:-16777216:!:0:0.32923891009621:0:!:6.45740631039207:0.32923891009621:0:!:0:!:1
  FDI:.:1:.:1:!:18:!:1:!:-16777216:!:6.45740631039207:0.32923891009621:0:!:6.45740631039207:0:0:!:0:!:1
  FDI:.:1:.:1:!:19:!:1:!:-16777216:!:6.45740631039207:0:0:!:0:0:0:!:0:!:1
FLH:.:2:.:Flange 2:.:3:.:2:.:False:.:1:.:2:.:90:.:0.156:.:40:.:True:.:True:.:False:.:7:.:12
  FM1:.:2:.:0.774186760981194:0.632957233248383:7.75123449533803E-17:0:-0.632957233248383:0.774186760981194:2.17268038036511E-16:0:7.75123449533803E-17:-2.17268038036511E-16:1:0:2.53182893216407:-2.97998595402098:-8.4370369915935E-16:1
  FM2:.:2:.:0.774186760981194:-3.87561724766901E-17:0.632957233248383:0:-0.632957233248383:-1.69864336709375E-16:0.774186760981194:0:7.75123449533803E-17:-1:-1.56037720345392E-16:0:2.5318289320416:6.58548292237429E-16:-2.96274704392477:1
  FM3:.:2:.:0.774186760981194:-0.632957233248383:7.75123449533803E-17:0:0.632957233248383:0.774186760981194:-2.17268038036511E-16:0:7.75123449533803E-17:2.17268038036511E-16:1:0:-0.0739047757744058:3.90960510947373:0:1
  FM4:.:2:.:0.774186760981194:-0.632957233248383:7.75123449533803E-17:0:-3.87561724766901E-17:-1.69864336709375E-16:-1:0:0.632957233248383:0.774186760981194:-1.56037720345392E-16:0:-0.08481626851831:3.89625897342599:0:1
  FIT:.:2:.:1:!:12:!:1:!:-16777216:!:-8.29467605711898E-10:0:2.53684529866952E-17:!:6.45740630956261:0:-4.7516025244855E-16:!:0:!:1
  FIT:.:2:.:1:!:13:!:1:!:-16777216:!:-8.29467605711898E-10:0:2.53684529866952E-17:!:-8.29467605711898E-10:3.8:0:!:0:!:1
  FIT:.:2:.:1:!:14:!:1:!:-16777216:!:-8.29467605711898E-10:3.8:0:!:6.45740630956261:3.8:0:!:0:!:1
  FIT:.:2:.:1:!:15:!:1:!:-16777216:!:6.45740630956261:3.8:0:!:6.45740630956261:0:-4.7516025244855E-16:!:0:!:1
  FED:.:2:.:1:!:14:!:1:!:-16777216:!:-8.29467605711898E-10:3.8:0:!:6.45740630956261:3.8:0:!:0:!:1
  FED:.:2:.:1:!:15:!:1:!:-16777216:!:6.45740630956261:3.8:0:!:6.45740630956261:0:-4.7516025244855E-16:!:0:!:1
  FED:.:2:.:1:!:12:!:1:!:-16777216:!:6.45740630956261:0:-4.7516025244855E-16:!:-8.29467605711898E-10:0:2.53684529866952E-17:!:0:!:1
  FED:.:2:.:1:!:13:!:1:!:-16777216:!:-8.29467605711898E-10:0:2.53684529866952E-17:!:-8.29467605711898E-10:3.8:0:!:0:!:1
  FDI:.:2:.:1:!:0:!:0:!:-16777216:!:-8.29467605711898E-10:3.8:0:!:6.45740630956261:3.8:0:!:0:!:1
  FDI:.:2:.:1:!:0:!:0:!:-16777216:!:6.45740630956261:3.8:0:!:6.45740630956261:0.156:4.46246555332874E-16:!:0:!:1
  FDI:.:2:.:1:!:0:!:0:!:-16777216:!:6.45740630956261:0.156:4.46246555332874E-16:!:0:0.156:0:!:0:!:1
  FDI:.:2:.:1:!:0:!:0:!:-16777216:!:0:0.156:0:!:-8.29467605711898E-10:3.8:0:!:0:!:1
LAY:.:Layer 1:.:1
LAY:.:Flat Layout:.:82513
LAY:.:Flat Bend Lines:.:82514
LAY:.:Flat Tangent Lines:.:82515
LAY:.:Flat Bend Info:.:82516
LAY:.:Flat Working:.:82517
HSZ:.:1:.::.::.::.:1:.:0:.:0:.::.:1:.:0:.:0:.:2:.:1:.::.:0:.:2:.:1:.::.:0:.:2:.:1:.:1.5:.::.:0.25:.::.::.::.::.::.::.::.:
NOT:.:Start

NOT:.:End
